783.236
-16.811
912.147
-323.916
-715.310
90.318
686.803
593.818
-169.659
-765.043
-544.811
-23.785
115.358
441.790
-184.904
-377.776
296.707
-910.261
-460.320
-968.745
584.617
554.042
-899.552
544.751
905.852
-819.293
-46.760
-151.522
884.914
595.830
256.191
737.455
-249.301
-708.251
-668.711
-483.865
199.880
933.923
886.154
-560.332
-265.320
-103.083
-219.685
-802.235
-458.507
-835.206
-49.727
-399.098
588.153
-79.306
0.275
-650.719
-708.538
-97.697
-79.251
48.199
842.954
914.409
-586.032
479.153
-920.356
766.657
-613.425
544.224
-352.108
-655.911
-688.834
271.991
132.314
519.997
364.236
806.412
807.993
-814.913
-484.664
395.838
723.096
-206.116
-927.599
-942.506
-69.685
-481.225
-419.244
813.505
-140.634
-645.968
-571.586
177.708
59.146
326.628
27.833
-81.767
836.937
-652.425
-975.601
29.000
-316.612
177.014
-375.546
-685.984
