7958.535399
-5218.042014
-1592.003415
-9784.591013
-5010.482188
-0.167315
-7788.445125
5608.893405
9100.873263
5544.198604
4551.439582
4928.647719
8089.621856
-3546.012174
-8520.509183
-2945.086234
3439.600378
3563.957045
-9961.258830
-300.614003
9446.017894
4196.918097
-3193.989848
-827.767355
-3918.970284
-7335.357971
6550.333520
-1155.182268
-4106.096382
-7034.258600
5841.820705
-9496.935664
-5522.354892
-3911.629680
-1503.685609
8118.441984
3897.218317
9970.108954
2417.014143
-5479.417813
-1037.212826
-8563.067388
694.996047
8037.566336
7344.683132
6337.692547
-6243.644742
-1623.045922
6265.078297
-3389.922841
3894.467452
8852.656125
-9135.359875
1158.541599
8701.652039
-4480.214001
2330.705363
1194.230112
5715.303333
-7138.346325
-2513.187951
81.450333
-2980.668965
380.099244
5781.691310
2754.782043
9592.537976
-5227.606492
-5520.883860
-9584.556119
-5128.657664
8334.964427
8338.278238
-7514.937839
-704.967887
-4183.761571
6187.647413
-310.476235
6527.520932
-852.079659
3533.546421
-334.870452
1600.358668
-7683.938282
7707.963130
9623.784403
-2602.474079
7090.301929
48.392406
9383.502467
-5296.670976
4411.699265
-1784.210238
2465.034980
-1539.513129
5946.596300
994.996955
-7025.048947
4936.288998
-4354.002957
-2214.720828
1640.047433
7170.479562
2106.964595
-4523.097996
-4372.519159
-620.694270
-885.418808
-3477.059145
-6320.444225
-5084.045120
-6049.959830
-6246.174862
-9388.369485
6938.372758
-9117.528535
9845.367885
3366.132742
-3888.746924
719.138952
2339.335387
-5414.790319
5469.758193
-3629.333329
-1271.108107
-940.930861
-1001.684290
9095.001523
359.513329
3426.598712
-2471.380759
415.826879
-1240.716021
-9850.621280
3236.735065
-9331.804213
3500.725118
-6950.258316
2320.011435
-3293.827477
6809.630771
3598.056533
-5639.747682
8514.297241
6874.631180
-5346.049572
-3569.587931
-2703.266019
-825.491350
-8489.287495
-9822.160058
-3925.016989
3128.558450
-1138.349431
917.889944
7907.069503
-11.419273
6701.709856
-802.511302
-3451.841400
-2870.645026
8197.189505
-2660.960134
-295.423110
3757.745706
8200.925476
-3849.178556
-4009.760934
3548.859747
2359.836171
290.811477
-6723.469348
830.957710
3656.268271
4696.667375
8333.715054
-1320.892034
5744.094758
-954.645423
-4506.039350
-359.153962
585.070094
2381.711016
-4476.868807
2805.393694
-8339.544464
5856.007398
-5029.497978
4541.257966
3427.480018
7936.350641
-9027.408646
-5534.672763
2709.714643
-6487.446587
6819.344762
-6930.146877
-1645.013415
-4016.117327
-452.074718
2921.993600
-8236.022223
9723.867617
2411.398003
1463.867018
-7212.810324
9241.145077
-7723.361314
-9820.643684
-6992.515416
906.085477
4837.804671
-7742.821930
1569.951560
3288.738861
-1011.229557
-1131.984154
-2509.634161
2954.409373
-4220.075910
2786.794987
-3231.950774
3988.954283
7091.784491
7329.459850
-7351.529034
1576.685280
4489.911819
-1563.104009
3025.452606
2629.526974
-317.382157
-1773.079972
-9757.618878
9766.872108
-5414.979326
-551.461316
5446.356349
-1128.647472
-8799.986954
-7989.032380
-7831.261327
-5003.471739
9358.744944
-4876.829580
1950.087193
6578.275670
3820.259037
1567.971065
8597.015013
-6297.561128
1311.938149
4248.064068
-2946.985260
2607.088678
-7200.534687
9379.538207
7884.844108
-4351.485609
-3392.976782
5571.799068
-969.412442
3635.858571
-6034.508300
-6478.929715
2725.044177
5740.078451
-9851.570829
7157.919653
7412.622543
1108.709560
-8437.332540
-6172.447084
1977.454139
-4131.324735
-8007.634736
8444.888809
2764.970208
9375.184013
9652.409630
-5445.291515
2638.711260
4365.517302
-9210.926581
-6159.530610
-4289.316894
7102.312118
-4727.115977
4863.632619
1403.088741
5641.705119
4960.672102
1678.651411
-2856.190408
-2962.492874
6560.816570
3457.044968
-9732.470050
-2406.666587
-2682.278693
-2632.744994
-3411.057930
-5799.580238
4038.594370
-1304.723789
5633.988964
-650.380214
-6182.363729
4554.329095
659.638799
-2418.130856
8269.768782
520.112742
5362.216939
-3057.825107
-7831.933096
-6858.520695
8568.850351
5427.982454
-7913.903810
5514.631825
-6773.889907
-526.462196
-9021.623035
7972.239341
6644.472624
-812.339758
589.236660
1427.145825
-4773.252948
-6636.892957
-4837.657203
7023.618929
8803.149884
6201.503066
-2869.767419
2487.383701
-2784.759277
7248.587673
-1704.802826
2928.950124
-5064.542040
-3789.690694
-1530.101331
-8156.965817
-1721.467405
5121.080595
7628.142971
6660.156892
4155.585548
-8238.711327
7323.244085
-7555.227002
-658.754757
-9728.059468
2463.466841
-2802.424108
4868.647158
-2409.904265
-4508.947151
-7292.095928
-8563.269364
7629.526031
1593.367920
6015.446054
8608.743442
-943.173971
-4218.253002
-1721.263649
-6899.569254
-2936.032492
505.635171
-9788.797228
-399.100401
4714.088186
5926.658844
6233.820043
-8661.325491
-4761.924964
4059.295995
-6893.308219
-2999.989732
-6914.717135
-7308.163975
3040.173908
5626.043595
8582.520391
5333.360019
-3850.566077
-8240.097035
8731.209810
9389.503160
-7395.384072
-615.573906
4973.403272
6351.781450
-9057.936839
5085.662642
-2316.866617
4992.310536
5740.340162
8396.883582
-3309.658248
1387.769708
5228.063833
422.325400
-2679.575825
8053.487499
7378.846895
609.459177
-7766.798537
8550.571875
1661.929661
5933.078710
770.909861
-6363.970655
2855.362189
6774.049510
-424.405789
357.845801
-6808.124277
9420.087964
912.051267
6454.045090
9595.870182
6385.465376
8433.268999
8996.759172
3883.219482
-7358.926279
4051.078460
-1570.614502
5533.879190
-1634.192261
4125.519453
6976.931446
9010.564923
-3025.234105
8362.203569
3866.680995
-9414.950411
-9050.716905
-9392.264737
8878.347845
-6753.093659
-2611.637619
7159.040239
449.911381
2507.809734
-9779.416773
5253.220266
4897.366342
-9222.214334
6660.111351
2080.351623
9263.635930
-6521.917913
-8240.046182
-7037.596831
1893.950858
-3831.381450
-3189.853044
-3732.743917
-7957.995266
-1293.755525
4848.079472
-7822.433344
-7356.756008
-186.674977
9692.703775
2610.010573
8848.677650
-6575.545256
3683.904108
-9618.781363
-1005.385856
6792.376514
-6297.171422
7142.499819
4390.780807
-427.538786
5068.520670
-8343.770239
-358.702927
2968.399974
8550.723822
-7337.444411
-3829.985350
8510.022275
-2991.751903
3885.865854
-1796.240561
-2852.550155
5056.842202
-7343.767749
2674.051682
-8915.932786
7690.021279
-1828.162834
-7670.094902
-6865.918684
-8079.146292
-9395.840537
-5188.662573
-8621.288368
9282.222234
-1951.512115
9515.256953
-9491.653822
6417.621938
4748.103110
-1207.572434
5476.265948
-3985.923102
1071.256894
346.228988
-2047.160482
-9026.699750
3395.854616
3660.982368
-8442.649799
986.737844
357.529184
4869.622639
7957.918708
2574.685252
842.576282
-8322.455643
2668.248427
1169.184650
-1341.995999
-7208.531158
6733.220392
6964.944604
8986.724733
-5240.777115
-1516.378066
5032.062363
-7463.292369
3208.337830
-1846.396364
-5421.153050
4718.682067
5178.416155
-2607.289562
2272.584867
9237.771977
-5425.751385
5567.640322
170.618573
-1839.784860
-6276.315617
-4762.855901
83.627032
3817.107582
606.296174
296.779023
-6912.446478
-8167.108465
-6474.086246
2028.492284
-4579.869199
9117.091505
-7167.874815
-9346.690170
-9857.499528
5833.573706
-7247.117407
-7026.327135
-2284.045969
-3837.599355
-4517.624692
-9694.748831
8038.348158
9095.119385
4375.365399
-4863.651695
1504.279629
7555.111059
3431.220751
9816.283839
-2702.357085
1810.412276
6207.891394
-3937.567807
-6605.283972
-8552.810139
-1111.867444
188.863885
4650.454946
-902.152584
9427.286794
5697.835026
2860.212379
8668.505748
7543.982898
2238.629852
-4166.379242
-9013.603461
-1227.870453
7926.567080
-8713.086327
-9411.520174
-125.374034
628.235592
-4245.507769
-1201.621704
-7373.769006
3057.330884
-1259.923058
-9710.491999
8305.068291
6388.730576
7972.305304
-6991.940592
-3810.720711
7586.724290
-7100.817760
-5369.729199
-4062.637355
-3243.383066
450.309043
2654.209645
5937.767256
2567.176949
9615.354639
9777.065601
-2454.649836
6154.702667
9531.764028
-8615.261327
8579.324140
6907.754751
-455.775748
-2218.720927
-1460.632930
7144.879482
-907.052288
211.535124
2703.584237
-3064.057919
307.355236
6781.124842
2604.053911
5180.948734
-3173.715226
2053.640535
-3667.286500
-1451.456558
-1364.638278
2405.780707
3712.379376
-4010.376824
-5393.270762
-1853.127888
-1425.283805
3279.815348
-8054.164486
-7039.964332
3219.014969
-592.173641
4894.525473
-8601.969900
8582.654813
4614.963628
3809.219144
5967.583628
-2263.824288
8504.413368
-9872.532162
-3238.190176
-9977.103193
-4122.875649
-7244.261158
-1348.915381
8495.062135
-2185.552312
7055.789823
-6281.458496
4255.526556
-3984.043506
-1123.471223
9927.118928
7896.015887
-485.858640
-7027.195627
-9069.112104
430.034810
-5374.026329
-2327.931271
6494.154527
3950.527643
1364.602894
5794.422828
-1842.380545
5699.419682
-7477.266951
-4398.938674
591.663180
8318.212192
5252.506809
-5059.328666
5502.596301
3755.819044
-794.986009
6782.876528
2008.501885
-1358.120317
-9844.192635
4972.339752
-4922.919582
-5109.198014
-6468.894405
-4693.319606
-8081.317033
-9116.171806
8362.632857
-1064.121799
-4846.498737
-4216.556183
-1062.667175
-7399.616284
-8877.331585
2366.481993
8771.473646
-6630.327164
-8111.197174
2219.308235
9526.941170
4312.525023
272.302360
-8779.500994
6100.797463
1924.823290
-1304.504218
2943.462792
8357.470855
6160.222794
-5342.487899
2943.476782
-163.789017
9553.546379
8338.539319
-2149.345288
4254.739789
-6803.686087
1132.901553
-227.622949
-8256.703723
4218.331938
-2163.822653
-1284.234128
-1518.435947
-8051.192901
9762.362887
-6427.204386
-4225.753048
-1925.023577
1242.856218
-4332.319279
-2410.660277
9885.777135
-2240.168396
7948.204380
-803.573818
-4917.382997
-9607.653611
-2390.317780
-6219.390082
1658.822220
8304.306473
272.289458
-1229.024823
6993.894038
8679.195932
-210.488184
-889.254512
-3421.788984
-8192.735803
-652.492207
809.596201
4678.365697
7956.634894
-3277.793120
4856.858900
-3227.154865
2210.591291
-607.008534
-1062.369783
-3267.702907
3629.066293
3668.851189
2382.083179
488.159325
5893.157805
-3935.078293
8391.564145
-7672.046192
8017.255171
-5125.645283
6823.332030
9975.087630
5764.160005
-4787.501683
679.082283
-9744.477965
7074.353713
-8232.605726
9930.678207
8423.217924
8121.354114
-9927.367359
7429.795259
1110.779396
-9469.122717
-674.363223
-6613.538655
-4608.737035
4852.308364
7606.480419
7264.762983
-5418.355532
-9453.237910
-6190.631184
-1067.739024
-4812.032786
8556.797406
9680.952036
-5487.052197
8786.726858
8948.629018
-9933.336940
-3368.143472
-2343.418395
3168.464995
-201.686341
-6397.289084
3619.004201
-1869.625067
1613.199364
-2401.705622
-4183.973740
-2346.121470
-8922.988708
7956.484800
5047.753151
5695.222436
-8310.129603
2513.197021
9811.866907
-4632.899062
-3813.159700
-2783.254102
-7668.145972
-2082.654082
-1498.702185
2266.428620
-8369.766188
-3362.093991
4941.584249
1631.407653
5097.599913
2101.205347
2838.375561
-7955.750245
-9972.199831
-2828.239276
252.252030
-2573.233383
-7765.867012
-7083.289724
-8712.021322
5194.080855
130.954883
9839.699658
8144.032774
-8003.882280
9559.630125
-7211.663922
-6767.049216
-1805.992714
7157.286538
2436.219010
2540.098881
-7267.826956
-1788.631888
1416.324622
-5154.500791
3055.138865
-1287.490547
8983.310727
-9484.622294
8331.400650
712.790075
-5491.914740
-1722.871911
8484.959008
5115.950870
-2841.234980
8723.421783
6398.414661
-3329.302619
-3202.069712
-751.776642
-3860.211342
-7792.269097
-573.133349
6699.496487
-3821.462513
5055.696169
-566.738501
1240.426630
3294.479186
-3909.245844
449.606887
-2256.986028
-9753.337154
5019.019084
-3194.659071
9494.912977
8257.472073
-5739.356407
-1643.459766
3082.442273
3980.540617
-7801.152079
2902.762585
-6980.295037
-140.655809
-7423.263388
2451.406478
25.802161
-3353.390036
-7530.733151
-7734.242792
7809.142252
-2657.037963
-7472.728933
-5066.353872
9799.892417
2926.511718
84.963124
-4380.548829
-521.361876
-8016.624497
8241.887008
9212.934709
5781.356262
8712.390542
-7825.191598
5264.204565
8517.838188
6765.569628
7704.565783
2394.858164
7822.719322
9999.129917
-3462.559318
-9698.843712
6365.320224
-4551.794644
-2379.864918
4515.855274
-6623.476058
-1298.370264
-5308.028811
6771.096867
-4492.055076
7341.470872
-3612.536484
-7894.445128
1120.685006
4225.261055
7136.947416
-7215.201553
-8192.006060
9127.168148
4632.469292
-1345.370259
7788.188660
4617.616863
-7229.310366
3722.924043
-7738.785303
49.162659
7754.066725
-433.709074
3904.264296
6129.691796
-573.869561
7583.641458
-3611.100428
1802.317778
9936.180942
-5830.447438
-865.847159
-4985.397053
7473.281648
5556.067683
-5532.878258
9448.040780
4078.947834
-7627.610981
-7055.408864
-9608.007708
-6557.546792
7897.668438
796.256046
-5315.432241
7102.231549
-1467.093446
-8717.851900
-7993.777560
5621.347970
193.737337
-4786.095674
-2199.894997
-4925.419415
-9873.337855
-5028.472140
1706.499522
8579.158644
77.081262
1054.360004
9636.960842
-2379.253404
-6211.754693
-9463.031479
2477.042829
-1429.206101
9486.034796
-7242.273558
9894.786857
-3939.103642
6305.256600
-850.136156
3845.428891
-3225.646170
-7461.071037
-8668.181971
-6898.943353
-5265.366294
-6857.199449
4405.728604
7497.236031
-7685.017203
-5896.857671
-9130.028187
-1423.095538
-37.035592
2076.622711
4633.635332
-8074.890822
-7971.774937
-863.143701
4327.893386
5726.451180
6101.324827
-5486.985956
441.247841
-59.622620
-1083.993076
-2118.361976
1762.655768
977.741550
-6863.202647
2073.608670
-6801.427454
-2124.657826
6248.371501
6983.982169
-763.011731
7703.417351
5282.645515
1023.196515
-4836.440638
304.367593
-735.910855
1623.930908
1591.967633
-4550.747657
5023.281777
2118.681795
-3047.329631
-888.109861
1423.270061
-1271.101810
7291.244748
9798.672301
2062.807334
-1542.693037
3059.544018
735.481430
7165.105543
-3649.173258
8539.932485
9201.388844
1630.234385
-1097.729190
-8875.115782
412.083179
8123.859504
-715.203471
4881.271389
94.267226
1594.527062
-336.137423
-4339.311162
7255.539636
4756.236829
6007.216586
-6525.793885
6642.556947
-7157.418224
-8385.761762
1931.953657
-1006.443176
333.255179
-2988.280320
4254.996608
-3570.393611
2373.268706
5913.968417
698.970023
-9807.792122
-750.258465
9620.888578
-6814.014832
8423.193776
3560.667263
5528.473509
-476.655044
2796.112509
-3395.416155
9351.936821
-8205.353186
-5453.412855
3039.612036
-4787.521387
-8659.136107
-7187.582238
-8995.144666
-7085.531848
-3793.949801
-8817.526745
-1333.318988
7540.612313
6004.326443
-8033.299488
-2453.054425
2918.445097
3871.848005
1937.866467
8009.746004
7562.272856
-4500.521510
8158.917531
2927.815421
-629.518831
-8801.070430
-2001.865912
-8180.784860
3658.883814
8537.161613
-6452.467063
9639.502896
-1963.404916
-9719.146354
7398.253552
1934.086900
-2818.330230
-4775.187151
-5910.058130
1200.011014
-9250.459284
7935.190302
9539.434484
8075.945411
8448.076366
7520.431459
-632.682033
5373.690151
7738.842686
-4750.102814
-3720.774642
2984.020797
1674.954080
6172.142280
-3477.988022
-2665.743760
7061.663683
841.851849
5923.231675
-9655.563297
-3573.363246
9846.481413
-2864.379408
9723.551588
1212.624020
6030.669370
1446.569699
4966.773113
-1843.962906
7148.525356
-9124.142562
1559.190929
-4009.294069
5130.926836
9273.184308
-338.927914
5416.886136
-2763.007861
4740.346384
2944.203248
1701.357014
-934.078614
-58.850208
-1731.599321
-3674.762763
9737.438410
-8274.536127
-2468.195618
1771.928133
-4493.913499
-3017.915904
-701.889257
1848.367141
-343.324469
-2251.645266
9698.419412
8858.566312
-6264.808096
5342.797849
-375.090868
-1500.811769
-1998.465884
650.247476
8378.084075
3522.683488
-2552.549583
-4322.693231
-7301.132587
-1985.688162
3805.096368
109.191859
4511.345521
-4444.863623
3678.659662
5837.329518
721.498478
-3406.129390
8263.526091
2290.349367
4061.791805
-6973.768955
1074.500927
5889.394671
5241.018587
-8718.760941
6686.618856
8061.951775
3553.333571
9139.686098
-4300.879168
-2013.311725
5619.929212
-3939.230908
-1034.803612
-1394.936935
81.361195
1968.673871
7587.123637
7423.758353
-171.967379
-4748.329474
4258.476447
-2754.737892
-7249.094817
7152.068635
6242.092825
6202.209467
7014.016604
-3223.844625
604.530799
-8665.622360
-2505.076469
8629.023429
-1715.226182
-4564.494061
-3691.274597
-7120.020699
5156.970732
3010.393408
2225.839217
-2509.999490
5454.039008
-2078.986893
-8686.752064
883.494999
-4249.024439
2663.654857
-5726.542949
-5977.612982
-3836.237089
-2792.601355
4724.941720
1541.355843
-498.209688
3937.496273
-2937.618883
-6971.190332
-1181.274776
4485.520505
2554.525808
-2411.021268
-861.176939
4091.423191
-2017.940202
-2503.717099
-9907.321917
-369.071890
2387.359805
53.906706
-7221.541542
-1445.039814
-5597.417847
-9305.687801
-3628.306655
-2273.904228
-4857.962027
-5089.818090
7838.720132
3500.304061
9789.351280
1780.076122
-8434.081088
-2609.477743
4779.423665
7653.870226
-5201.096274
5261.898385
-3130.239305
4988.814585
-507.133078
-7753.188251
5415.248187
8377.844117
-8492.698218
431.057006
9804.995618
-2512.454715
-5964.637046
-8149.127923
289.397099
4923.964561
-6259.843916
-4546.239306
-7679.911377
5970.237747
-4722.723733
3414.343204
-7954.984941
-3309.221988
-7285.051299
-440.245302
-6254.649486
-2927.432664
4820.157372
-9352.610669
-1229.455099
6674.855701
5261.169567
9851.066729
9922.303631
-8315.629797
8483.912941
-8950.019428
-4742.163901
-5676.098214
7351.674071
-7621.921901
-9072.756920
8237.934504
-405.367404
-2020.218703
3929.439330
-3220.247833
6697.766868
8031.265573
2565.546677
5050.241825
1062.706053
-1175.224264
4888.215896
-8910.605509
-4888.871500
-2923.257064
-6410.132102
-3202.708964
9454.342346
5608.757918
-457.611003
-5037.874060
6335.711657
1163.724768
5595.323233
5198.626113
9259.625885
-642.195826
7259.157101
8650.980972
-9947.263067
6632.043640
7544.812845
8990.195822
-9439.770743
-5444.140117
-500.003110
5536.555007
-2238.095389
-2052.164055
1877.589388
3263.666055
8299.909927
-4982.439656
890.781502
3991.337281
1241.956374
-4904.469905
-5845.793747
3250.313466
6360.914782
-2493.585967
-8320.161561
-1897.304581
9293.704500
-6245.745170
3190.965628
-7372.375081
-5350.582873
4426.471523
-8962.929074
9832.622114
-6531.340972
-7913.198455
-6363.005786
1426.725583
-7606.885892
-8084.391192
5647.269607
-9807.624431
-1513.625531
-7030.743004
-2052.927517
3618.762721
-4145.895747
4668.540697
-6949.262658
2010.137384
-1956.357783
-4510.566675
-296.661963
9458.369345
-6339.823768
-6182.297015
-5815.644087
1869.814305
1718.654275
-5457.773198
-4761.007042
-7337.664760
-2042.371616
-799.886413
-5423.786024
3799.106169
3673.261322
-7649.978661
-4482.861740
-2498.397781
4588.748760
2338.351763
-1353.071494
-7715.033063
8856.454736
-9263.733154
-4782.140788
-4115.277115
497.075390
1463.768756
6570.775632
-2805.416634
-2587.811086
-2019.643031
986.686873
9510.890079
1563.568163
4910.061677
8149.765644
8179.995376
-7005.319485
9081.931662
-4202.435756
-2829.319983
9076.811564
4205.335127
-6846.220574
-8855.513893
5694.298400
3262.724514
1383.437748
-7727.380580
-1959.624646
-6809.229387
2579.896746
-5651.138315
5277.176317
7534.089977
5687.599310
673.711144
-4479.538771
4494.034674
-9715.964674
-3264.248176
5441.672951
158.323093
7288.909149
-6107.962584
-7763.045372
-314.450516
9438.034532
-3949.950942
4794.798140
-7168.090573
-6245.984254
-2220.428551
-4398.989212
-5554.253436
3265.297994
-666.380354
-4748.260439
-4581.183261
-4130.292862
1733.314900
-2597.700579
5071.434385
4508.130040
3372.404711
-6438.392362
-7938.032848
4708.511337
-1477.106108
-5650.966613
7649.400936
-6920.115435
-2325.961458
-3337.473118
2501.004189
3480.675097
9812.733891
4663.902621
6225.378614
6355.053344
7554.111988
6569.196903
7424.484332
-8874.356825
-2543.060552
8939.044179
-8703.505864
1550.419386
-90.800596
-4503.949419
1684.618956
-403.832574
5645.003123
8453.170420
-5044.668105
-5349.600471
-745.217113
6919.131888
4202.687504
-8211.836422
3976.472733
-846.023192
-5986.269389
5329.700818
6606.190599
-6720.179612
-1606.747930
-7930.550052
6542.694541
4508.963700
-2565.554566
2326.418290
-1219.320486
-3966.474936
1935.293518
6360.482790
7093.764044
-4572.214573
-601.208979
8718.695002
-9301.216295
-1253.524746
9718.398848
-6279.776692
-4631.192799
-9540.737640
4338.401182
-8441.928542
8263.058037
8943.730881
-1207.880210
-3609.744962
4667.714392
-5533.827297
-4740.778948
5312.653473
4392.336772
9411.540809
9146.632205
250.274560
5742.456909
-1019.044906
1685.863665
3573.212075
-4210.362315
4657.168084
-847.180921
2638.091976
7086.106669
-7554.557542
8554.450024
-1524.643154
3021.829550
-6770.685081
-510.099110
9487.248771
6697.687893
-6462.244614
-7617.937420
-7709.109503
1489.196733
1602.265130
-5611.258349
8735.397392
5400.982181
5789.477704
-3959.067411
-9358.517060
-4136.981088
326.874651
4018.952471
-8043.450888
-3204.586797
-3303.758828
-1534.506824
-8212.215573
-4430.707969
8151.531563
6847.918692
1170.330791
-6082.859074
9524.842126
620.413955
-8552.899913
-6103.278207
-5183.788359
5799.879160
2781.363217
-2311.522860
1020.018630
-5942.251101
7592.757180
-1692.896865
-1777.244522
7043.173998
-4398.105370
-2766.232449
3214.007846
3391.322082
-5311.714822
4526.222784
-3315.510244
5233.794952
4910.810597
-2860.156870
-7457.985598
-983.527575
1809.535089
-8006.597923
1958.322461
-5956.641592
-497.855230
-8260.816277
-5533.291274
1403.285786
-5892.134902
3247.805962
3762.428781
5799.628137
-6323.782207
-8506.091596
-3185.111330
3291.437455
2067.514655
-5170.351674
1482.663910
9067.710418
1126.527548
-8441.278286
-9970.582432
1114.773258
8010.289159
-7725.588918
3770.814868
-1999.951582
-7324.482734
-2399.058563
-2460.423329
-8016.249609
4300.692703
6778.209087
1737.828310
-7716.658361
-5187.656650
8955.727976
4452.947654
-2446.137844
2704.617182
-3887.581526
6445.131942
-8489.487324
-9014.227145
4194.646783
-2228.047166
1108.180395
-645.275813
-2634.297287
6397.176531
-7194.152166
-7394.668849
-814.313858
-3661.818233
9182.128021
4775.641545
4091.552936
5738.322851
5531.438485
-8296.172241
-7277.147617
-6292.378712
-5941.385010
-6577.901153
5439.470132
8857.202463
1903.042999
-7785.617178
-196.528192
2159.923764
-1538.336919
-7816.872133
9847.919013
2101.670581
7343.501342
1815.081177
-2368.677230
-8955.170115
8776.637182
-7694.549435
877.167896
8307.481547
-598.179766
-8705.621893
-5576.275654
-2331.123270
8125.217243
-5810.814810
-2239.844721
-5156.190194
9066.058153
-6609.615500
-3899.300482
-6074.487333
5623.229326
-491.013821
-1750.511044
878.740772
3298.137138
-1942.852117
-9065.649193
-3128.254524
3149.463820
-9886.242831
6338.719997
-5432.141194
-7381.304362
6111.068539
-2763.438374
-3545.548908
5953.603871
-1841.958075
-7563.993766
-4130.945525
-7429.873795
8210.560173
4163.151923
-1410.537065
8431.392217
-3081.758115
-1431.705108
5686.678439
-7114.098602
1122.092092
712.617322
6796.568770
-8604.843021
6746.763212
6194.144535
7048.166088
-6805.669357
-1774.267645
-7002.429648
-9406.455523
-7832.174965
-4382.765861
9203.319703
9016.256843
9084.863490
-3786.684110
-5132.985691
-6147.658034
-6171.453364
-1286.089163
-318.726837
9039.935379
-2634.935408
4932.367916
1957.569974
1320.563446
4938.057089
6518.394287
-983.350975
-5552.782674
-5663.608230
-7671.097952
4251.781728
6511.342435
6071.897808
-4153.208283
-8070.073432
8782.908070
5916.896092
1442.219394
-2778.365854
9164.756396
4489.625396
3290.439272
6001.333075
-6305.546831
-6561.032267
1404.838602
-3364.609134
-4516.098021
3268.131499
5513.314876
4276.148399
2069.013632
3950.261292
-599.326213
7105.894115
-651.252238
-3772.801322
-4140.735358
3525.527295
3124.884131
-1154.084759
5534.590442
-541.556003
7710.901583
4975.417863
-8277.828949
-4259.037019
5160.384856
-339.802156
7566.465043
-3003.621520
-1627.595466
-595.406618
-7867.816281
-4559.477984
6663.344042
-5154.299964
-2537.129733
-4257.511168
3351.687944
7960.756213
-9988.860358
364.967515
-8515.693502
-3631.795237
-3280.488309
8734.388333
-3960.187851
9019.917557
8550.298644
-1858.098146
8776.585620
-54.648365
-7592.458404
9451.957516
5350.111888
-303.320332
-3836.481613
-3503.946511
3406.284510
7757.228329
896.877392
-5544.999387
5064.378004
3413.835573
-531.008156
-416.172758
7535.416383
-2542.988971
1209.641504
-9690.772037
-8421.305517
2561.081631
-1247.321114
-1969.748498
9081.242850
6309.773562
4956.859311
-5121.307341
8252.059759
7570.961007
-4633.454495
5246.440335
-2245.041958
4287.604344
-5188.470543
8062.813015
-439.083467
-1259.826228
5514.748727
-2394.300367
-5617.154648
-5050.862736
8471.198799
-7943.906809
3262.715608
2124.371269
-119.117037
1056.399614
-5786.971952
7931.639913
-9936.836688
6208.676699
-6228.365730
5834.561655
-6450.584408
-8250.260015
-89.058402
-8116.229784
-4054.580679
6565.858069
-5050.416202
8063.252165
-4325.561016
3260.535278
4946.650873
1667.132805
6856.496664
5164.668491
5515.618731
-6831.548426
-6651.141148
-2020.862708
-6922.861555
-1345.238167
3367.287279
9165.672179
5276.884724
-2856.338466
9127.150777
5252.631845
4626.689369
7954.649496
6588.006025
4898.089427
-4615.778964
8801.976834
-3345.195663
-6146.577279
5268.495855
1386.450696
-8916.599925
-3103.625097
-9184.452208
